3 5
5 7
11 13
17 19
29 31
41 43
59 61
71 73
101 103
107 109
137 139
149 151
167 169
179 181
191 193
197 199
209 211
221 223
227 229
239 241
251 253
269 271
281 283
311 313
317 319
347 349
359 361
377 379
389 391
401 403
407 409
419 421
431 433
437 439
449 451
461 463
479 481
491 493
521 523
527 529
557 559
569 571
587 589
599 601
611 613
617 619
629 631
641 643
647 649
659 661
671 673
689 691
701 703
731 733
737 739
767 769
779 781
797 799
809 811
821 823
827 829
839 841
851 853
857 859
869 871
881 883
899 901
911 913
941 943
947 949
977 979
989 991
1007 1009
1019 1021
1031 1033
1037 1039
1049 1051
1061 1063
1067 1069
1079 1081
1091 1093
1109 1111
1121 1123
1151 1153
1157 1159
1187 1189
1199 1201
1217 1219
1229 1231
1241 1243
1247 1249
1259 1261
1271 1273
1277 1279
1289 1291
1301 1303
1319 1321
1331 1333
1361 1363
1367 1369
1397 1399
1409 1411
1427 1429
1439 1441
1451 1453
1457 1459
1469 1471
1481 1483
1487 1489
1499 1501
1511 1513
1529 1531
1541 1543
1571 1573
1577 1579
1607 1609
1619 1621
1637 1639
1649 1651
1661 1663
1667 1669
1679 1681
1691 1693
1697 1699
1709 1711
1721 1723
1739 1741
1751 1753
1781 1783
1787 1789
1817 1819
1829 1831
1847 1849
1859 1861
1871 1873
1877 1879
1889 1891
1901 1903
1907 1909
1919 1921
1931 1933
1949 1951
1961 1963
1991 1993
1997 1999
2027 2029
2039 2041
2057 2059
2069 2071
2081 2083
2087 2089
2099 2101
2111 2113
2117 2119
2129 2131
2141 2143
2159 2161
2171 2173
2201 2203
2207 2209
2237 2239
2249 2251
2267 2269
2279 2281
2291 2293
2297 2299
2309 2311
2321 2323
2327 2329
2339 2341
2351 2353
2369 2371
2381 2383
2411 2413
2417 2419
2447 2449
2459 2461
2477 2479
2489 2491
2501 2503
2507 2509
2519 2521
2531 2533
2537 2539
2549 2551
2561 2563
2579 2581
2591 2593
2621 2623
2627 2629
2657 2659
2669 2671
2687 2689
2699 2701
2711 2713
2717 2719
2729 2731
2741 2743
2747 2749
2759 2761
2771 2773
2789 2791
2801 2803
2831 2833
2837 2839
2867 2869
2879 2881
2897 2899
2909 2911
2921 2923
2927 2929
2939 2941
2951 2953
2957 2959
2969 2971
2981 2983
2999 3001
3011 3013
3041 3043
3047 3049
3077 3079
3089 3091
3107 3109
3119 3121
3131 3133
3137 3139
3149 3151
3161 3163
3167 3169
3179 3181
3191 3193
3209 3211
3221 3223
3251 3253
3257 3259
3287 3289
3299 3301
3317 3319
3329 3331
3341 3343
3347 3349
3359 3361
3371 3373
3377 3379
3389 3391
3401 3403
3419 3421
3431 3433
3461 3463
3467 3469
3497 3499
3509 3511
3527 3529
3539 3541
3551 3553
3557 3559
3569 3571
3581 3583
3587 3589
3599 3601
3611 3613
3629 3631
3641 3643
3671 3673
3677 3679
3707 3709
3719 3721
3737 3739
3749 3751
3761 3763
3767 3769
3779 3781
3791 3793
3797 3799
3809 3811
3821 3823
3839 3841
3851 3853
3881 3883
3887 3889
3917 3919
3929 3931
3947 3949
3959 3961
3971 3973
3977 3979
3989 3991
4001 4003
4007 4009
4019 4021
4031 4033
4049 4051
4061 4063
4091 4093
4097 4099
4127 4129
4139 4141
4157 4159
4169 4171
4181 4183
4187 4189
4199 4201
4211 4213
4217 4219
4229 4231
4241 4243
4259 4261
4271 4273
4301 4303
4307 4309
4337 4339
4349 4351
4367 4369
4379 4381
4391 4393
4397 4399
4409 4411
4421 4423
4427 4429
4439 4441
4451 4453
4469 4471
4481 4483
4511 4513
4517 4519
4547 4549
4559 4561
4577 4579
4589 4591
4601 4603
4607 4609
4619 4621
4631 4633
4637 4639
4649 4651
4661 4663
4679 4681
4691 4693
4721 4723
4727 4729
4757 4759
4769 4771
4787 4789
4799 4801
4811 4813
4817 4819
4829 4831
4841 4843
4847 4849
4859 4861
4871 4873
4889 4891
4901 4903
4931 4933
4937 4939
4967 4969
4979 4981
4997 4999
5009 5011
5021 5023
5027 5029
5039 5041
5051 5053
5057 5059
5069 5071
5081 5083
5099 5101
5111 5113
5141 5143
5147 5149
5177 5179
5189 5191
5207 5209
5219 5221
5231 5233
5237 5239
5249 5251
5261 5263
5267 5269
5279 5281
5291 5293
5309 5311
5321 5323
5351 5353
5357 5359
5387 5389
5399 5401
5417 5419
5429 5431
5441 5443
5447 5449
5459 5461
5471 5473
5477 5479
5489 5491
5501 5503
5519 5521
5531 5533
5561 5563
5567 5569
5597 5599
5609 5611
5627 5629
5639 5641
5651 5653
5657 5659
5669 5671
5681 5683
5687 5689
5699 5701
5711 5713
5729 5731
5741 5743
5771 5773
5777 5779
5807 5809
5819 5821
5837 5839
5849 5851
5861 5863
5867 5869
5879 5881
5891 5893
5897 5899
5909 5911
5921 5923
5939 5941
5951 5953
5981 5983
5987 5989
6017 6019
6029 6031
6047 6049
6059 6061
6071 6073
6077 6079
6089 6091
6101 6103
6107 6109
6119 6121
6131 6133
6149 6151
6161 6163
6191 6193
6197 6199
6227 6229
6239 6241
6257 6259
6269 6271
6281 6283
6287 6289
6299 6301
6311 6313
6317 6319
6329 6331
6341 6343
6359 6361
6371 6373
6401 6403
6407 6409
6437 6439
6449 6451
6467 6469
6479 6481
6491 6493
6497 6499
6509 6511
6521 6523
6527 6529
6539 6541
6551 6553
6569 6571
6581 6583
6611 6613
6617 6619
6647 6649
6659 6661
6677 6679
6689 6691
6701 6703
6707 6709
6719 6721
6731 6733
6737 6739
6749 6751
6761 6763
6779 6781
6791 6793
6821 6823
6827 6829
6857 6859
6869 6871
6887 6889
6899 6901
6911 6913
6917 6919
6929 6931
6941 6943
6947 6949
6959 6961
6971 6973
6989 6991
7001 7003
7031 7033
7037 7039
7067 7069
7079 7081
7097 7099
7109 7111
7121 7123
7127 7129
7139 7141
7151 7153
7157 7159
7169 7171
7181 7183
7199 7201
7211 7213
7241 7243
7247 7249
7277 7279
7289 7291
7307 7309
7319 7321
7331 7333
7337 7339
7349 7351
7361 7363
7367 7369
7379 7381
7391 7393
7409 7411
7421 7423
7451 7453
7457 7459
7487 7489
7499 7501
7517 7519
7529 7531
7541 7543
7547 7549
7559 7561
7571 7573
7577 7579
7589 7591
7601 7603
7619 7621
7631 7633
7661 7663
7667 7669
7697 7699
7709 7711
7727 7729
7739 7741
7751 7753
7757 7759
7769 7771
7781 7783
7787 7789
7799 7801
7811 7813
7829 7831
7841 7843
7871 7873
7877 7879
7907 7909
7919 7921
7937 7939
7949 7951
7961 7963
7967 7969
7979 7981
7991 7993
7997 7999
8009 8011
8021 8023
8039 8041
8051 8053
8081 8083
8087 8089
8117 8119
8129 8131
8147 8149
8159 8161
8171 8173
8177 8179
8189 8191
8201 8203
8207 8209
8219 8221
8231 8233
8249 8251
8261 8263
8291 8293
8297 8299
8327 8329
8339 8341
8357 8359
8369 8371
8381 8383
8387 8389
8399 8401
8411 8413
8417 8419
8429 8431
8441 8443
8459 8461
8471 8473
8501 8503
8507 8509
8537 8539
8549 8551
8567 8569
8579 8581
8591 8593
8597 8599
8609 8611
8621 8623
8627 8629
8639 8641
8651 8653
8669 8671
8681 8683
8711 8713
8717 8719
8747 8749
8759 8761
8777 8779
8789 8791
8801 8803
8807 8809
8819 8821
8831 8833
8837 8839
8849 8851
8861 8863
8879 8881
8891 8893
8921 8923
8927 8929
8957 8959
8969 8971
8987 8989
8999 9001
9011 9013
9017 9019
9029 9031
9041 9043
9047 9049
9059 9061
9071 9073
9089 9091
9101 9103
9131 9133
9137 9139
9167 9169
9179 9181
9197 9199
9209 9211
9221 9223
9227 9229
9239 9241
9251 9253
9257 9259
9269 9271
9281 9283
9299 9301
9311 9313
9341 9343
9347 9349
9377 9379
9389 9391
9407 9409
9419 9421
9431 9433
9437 9439
9449 9451
9461 9463
9467 9469
9479 9481
9491 9493
9509 9511
9521 9523
9551 9553
9557 9559
9587 9589
9599 9601
9617 9619
9629 9631
9641 9643
9647 9649
9659 9661
9671 9673
9677 9679
9689 9691
9701 9703
9719 9721
9731 9733
9761 9763
9767 9769
9797 9799
9809 9811
9827 9829
9839 9841
9851 9853
9857 9859
9869 9871
9881 9883
9887 9889
9899 9901
9911 9913
9929 9931
9941 9943
9971 9973
9977 9979